accuracy
1, 58.333333333333336, 63.99999999999999, 70.0
2, 58.333333333333336, 63.666666666666664, 66.66666666666666
3, 36.666666666666664, 48.0, 56.666666666666664
4, 40.0, 46.66666666666667, 54.99999999999999
5, 38.33333333333333, 55.666666666666664, 66.66666666666666
6, 61.66666666666667, 64.33333333333333, 68.33333333333333
7, 53.333333333333336, 58.66666666666666, 63.33333333333333
8, 51.66666666666666, 61.666666666666664, 66.66666666666666
9, 46.666666666666664, 55.666666666666664, 60.0
10, 33.33333333333333, 46.33333333333333, 56.666666666666664
11, 40.0, 57.33333333333333, 66.66666666666666
12, 61.66666666666666, 66.0, 70.0
13, 43.33333333333333, 51.99999999999999, 58.333333333333336
14, 50.0, 52.99999999999999, 60.0
15, 44.99999999999999, 52.666666666666664, 58.333333333333336

precision
neg
0.9, 32.90598290598291, 41.92474192474192, 50.23310023310024
1.9, 39.1941391941392, 46.50396825396826, 51.45299145299146
2.9, 22.426470588235293, 35.9390756302521, 43.333333333333336
3.9, 28.677248677248677, 32.54378310028465, 35.470085470085465
4.9, 29.398148148148152, 45.875427948957366, 55.87301587301587
5.9, 30.45454545454545, 35.930069930069926, 43.58974358974359
6.9, 37.89173789173789, 44.13567226260725, 54.771241830065364
7.9, 24.755799755799757, 41.57156732156732, 50.17094017094017
8.9, 30.88654265124854, 48.792891605585105, 55.04385964912281
9.9, 25.352597179222563, 32.38335910162536, 37.60683760683761
10.9, 28.32080200501253, 48.27851900994315, 58.69708994708995
11.9, 30.5050505050505, 39.01320901320901, 44.54545454545455
12.9, 33.1140350877193, 42.20232771471162, 50.122549019607845
13.9, 17.22222222222222, 24.788655788655788, 29.54545454545454
14.9, 30.11828213066603, 39.8493386558402, 45.654223227752645
pos
1.1, 48.51851851851852, 51.89021164021164, 57.14285714285714
2.1, 43.333333333333336, 47.3464590964591, 50.39682539682539
3.1, 20.833333333333332, 26.188411261940672, 34.92063492063492
4.1, 8.446455505279035, 25.183018191532128, 41.36904761904761
5.1, 16.233766233766232, 30.68080068080068, 43.18181818181818
6.1, 54.04411764705882, 55.56162464985995, 59.226190476190474
7.1, 26.71191553544495, 35.67019418490007, 45.39682539682539
8.1, 42.046292201090964, 47.677693708653464, 53.50945350945351
9.1, 18.181818181818183, 21.18341307814992, 25.614035087719294
10.1, 12.589165220744169, 27.600118949964152, 42.77777777777778
11.1, 19.567099567099568, 29.978798978798977, 37.121212121212125
12.1, 54.166666666666664, 57.43344618344618, 61.49732620320856
13.1, 21.08262108262108, 26.594120476473417, 32.26495726495727
14.1, 29.583333333333332, 38.53376906318083, 52.083333333333336
15.1, 21.587301587301585, 29.458415853152697, 39.78937728937729

recall
neg
0.9, 40.0, 51.33333333333333, 60.0
1.9, 53.333333333333336, 62.666666666666664, 70.0
2.9, 36.66666666666667, 58.666666666666664, 73.33333333333334
3.9, 46.666666666666664, 54.00000000000001, 66.66666666666666
4.9, 50.0, 73.33333333333333, 83.33333333333333
5.9, 33.33333333333333, 40.00000000000001, 46.666666666666664
6.9, 53.333333333333336, 68.0, 89.99999999999999
7.9, 33.33333333333333, 54.666666666666664, 66.66666666666666
8.9, 53.333333333333336, 86.66666666666664, 96.66666666666666
9.9, 46.666666666666664, 51.33333333333333, 56.666666666666664
10.9, 46.666666666666664, 78.66666666666667, 93.33333333333333
11.9, 33.333333333333336, 43.333333333333336, 50.0
12.9, 56.666666666666664, 69.99999999999999, 83.33333333333333
13.9, 20.0, 37.333333333333336, 46.666666666666664
14.9, 53.333333333333336, 63.99999999999999, 70.0
pos
1.1, 73.33333333333333, 76.66666666666666, 80.0
2.1, 63.33333333333333, 64.66666666666666, 66.66666666666666
3.1, 30.0, 37.33333333333333, 46.666666666666664
4.1, 13.333333333333334, 39.33333333333333, 63.33333333333333
5.1, 20.0, 38.0, 50.0
6.1, 83.33333333333333, 88.66666666666666, 89.99999999999999
7.1, 36.666666666666664, 49.333333333333336, 66.66666666666666
8.1, 63.33333333333333, 68.66666666666666, 73.33333333333334
9.1, 20.0, 24.666666666666668, 40.0
10.1, 20.0, 41.33333333333333, 63.33333333333333
11.1, 23.333333333333332, 36.0, 43.333333333333336
12.1, 86.66666666666667, 88.66666666666667, 89.99999999999999
13.1, 30.0, 34.0, 40.0
14.1, 53.333333333333336, 68.66666666666667, 86.66666666666667
15.1, 30.0, 41.33333333333333, 56.666666666666664

fmeasure
neg
0.9, 36.100131752305664, 46.1038961038961, 46.1038961038961
1.9, 45.16908212560386, 53.32659031789467, 53.32659031789467
2.9, 27.825261158594493, 44.49333876000543, 44.49333876000543
3.9, 35.44444444444444, 40.39813634086498, 40.39813634086498
4.9, 36.996336996337, 56.314557047890375, 56.314557047890375
5.9, 31.78932178932179, 37.78493004579961, 37.78493004579961
6.9, 45.13457556935818, 53.23356287224353, 53.23356287224353
7.9, 28.39262187088274, 47.06043811261202, 47.06043811261202
8.9, 39.05375354650717, 62.37774437974338, 62.37774437974338
9.9, 32.84680411117192, 39.54041285125743, 39.54041285125743
10.9, 60.02554278416348, NaN, NaN
11.9, 31.803751803751805, 40.988769684421854, 40.988769684421854
12.9, 41.732979664014145, 52.61288273242296, 52.61288273242296
13.9, 18.48484848484848, NaN, NaN
14.9, 38.40302071186629, 48.934691059028886, 48.934691059028886
pos
1.1, 58.51282051282052, 61.825641025641026, 61.825641025641026
2.1, 51.44444444444445, 54.58570318570319, 54.58570318570319
3.1, 24.745034889962426, NaN, NaN
4.1, 28.63203463203463, NaN, NaN
5.1, 21.911663216011043, NaN, NaN
6.1, 65.77777777777779, 68.2320987654321, 68.2320987654321
7.1, 31.782071926999468, 41.15697421204668, 41.15697421204668
8.1, 51.22222222222222, 56.00921976943965, 56.00921976943965
9.1, 19.04761904761905, NaN, NaN
10.1, 15.35065800433117, 32.98321304438246, 32.98321304438246
11.1, 21.190476190476186, 32.538866930171274, 32.538866930171274
12.1, 67.02754036087369, 69.41655017017337, 69.41655017017337
13.1, 24.543572369659326, 29.678928693421444, 29.678928693421444
14.1, 61.78921121449857, NaN, NaN
15.1, 25.0, 34.25566271143482, 34.25566271143482
