accuracy
1, 46.15384615384615, 52.69230769230769, 55.128205128205124
2, 48.07692307692308, 53.07692307692307, 55.769230769230774
3, 72.84615384615384, 74.25641025641025, 75.41025641025641
4, 72.14615384615385, 73.61538461538461, 74.12820512820514
5, 54.487179487179496, 55.38461538461539, 56.41025641025641
6, 50.641025641025635, 54.487179487179496, 57.05128205128205
7, 53.84615384615385, 55.51282051282052, 56.41025641025641
8, 54.487179487179496, 58.717948717948715, 60.25641025641026
9, 66.02564102564102, 66.92307692307693, 67.3076923076923
10, 66.02564102564102, 66.66666666666667, 67.3076923076923
11, 43.58974358974359, 49.1025641025641, 53.205128205128204
12, 46.794871794871796, 51.15384615384616, 55.12820512820513
13, 58.333333333333336, 59.61538461538461, 61.53846153846154
14, 50.0, 50.0, 50.0

precision
f
1, 30.024173109279488, 31.17482008015405, 32.35147527910686
2, 31.23123123123123, 33.47971542389299, 35.52115583075335
3, 66.49608034807277, 68.24007628466832, 69.62121212121212
4, 66.64246148117117, 67.48655991873947, 67.98850574712644
5, 48.921394799054376, 49.358013367328596, 50.27131782945736
6, 47.163120567375884, 48.98842883562028, 50.37037037037037
7, 19.23536439665472, 20.46410767990301, 21.812596006144393
8, 35.05291005291005, 47.34656452886248, 50.79365079365079
9, 50.38850038850039, 51.04722575310811, 51.48615001556178
10, 49.97425997425997, 50.87462719041666, 51.5993265993266
11, 25.170068027210885, 27.149588460343406, 31.689708141321045
12, 33.7656625632875, 41.452706406724516, 50.70921985815603
13, 21.711366538952745, 22.835693467877377, 24.311490978157646
14, 50.0, 50.0, 50.0
t
1, 29.589216944801034, 39.640579729110044, 43.20460704607046
2, 25.063078216989066, 37.72933137166682, 43.49593495934959
3, 60.92241379310344, 63.10366456556667, 64.95977011494253
4, 60.25431034482758, 61.7929379204407, 63.04742703533026
5, 19.34865900383142, 21.304505496014585, 23.214285714285715
6, 10.931899641577061, 19.197874181188975, 23.869731800766285
7, 48.22695035460993, 49.81865369700708, 50.75757575757576
8, 30.654430849091586, 32.71524488718196, 34.370885450954574
9, 48.715728715728716, 49.68208946150122, 50.5050505050505
10, 48.484848484848484, 49.319398848810614, 50.116288939818354
11, 28.249158249158246, 34.57129568335183, 44.23520923520923
12, 13.174182139699383, 20.41246894304408, 27.55563707507948
13, 52.915681639085896, 54.266887277631085, 56.737339922418826
14, 0.0, 0.0, 0

recall
f
1, 41.02564102564102, 42.82051282051282, 46.15384615384615
2, 42.307692307692314, 47.69230769230769, 57.692307692307686
3, 83.33333333333334, 84.1025641025641, 84.61538461538463
4, 83.33333333333333, 84.35897435897436, 84.61538461538463
5, 85.8974358974359, 86.66666666666666, 87.17948717948718
6, 85.8974358974359, 87.17948717948718, 88.46153846153845
7, 21.794871794871796, 22.82051282051282, 24.35897435897436
8, 56.41025641025641, 76.41025641025641, 82.05128205128204
9, 67.94871794871796, 68.71794871794873, 69.23076923076923
10, 67.94871794871796, 68.71794871794873, 69.23076923076923
11, 32.05128205128205, 40.256410256410255, 52.564102564102555
12, 56.41025641025641, 73.84615384615385, 92.3076923076923
13, 23.076923076923077, 23.84615384615385, 24.35897435897436
14, 100, 100.0, 100.0
t
1, 46.15384615384615, 62.564102564102576, 67.94871794871796
2, 38.46153846153846, 58.46153846153847, 67.94871794871796
3, 74.35897435897436, 76.41025641025642, 78.20512820512822
4, 73.07692307692308, 74.87179487179488, 76.92307692307693
5, 21.7948717948718, 24.102564102564106, 25.64102564102564
6, 12.820512820512823, 21.794871794871796, 26.923076923076923
7, 85.8974358974359, 88.20512820512822, 89.74358974358975
8, 35.8974358974359, 41.02564102564103, 52.56410256410257
9, 64.1025641025641, 65.12820512820512, 66.66666666666666
10, 64.1025641025641, 64.61538461538463, 65.38461538461539
11, 46.15384615384615, 57.948717948717956, 74.35897435897435
12, 14.102564102564102, 28.461538461538467, 42.30769230769231
13, 93.58974358974359, 95.38461538461539, 98.71794871794873
14, 0.0, 0.0, 0

fmeasure
f
1, 34.92097701149426, 36.00030108956563, 36.00030108956563
2, 35.914614919535644, 39.17491112528564, 39.17491112528564
3, 73.94191693924077, 75.31258414821806, 75.31258414821806
4, 74.51712545232675, 74.93203943602649, 74.93203943602649
5, 62.28884000842099, 62.86893213389288, 62.86893213389288
6, 61.48648648648648, 62.693291412952334, 62.693291412952334
7, 20.412666887344145, 21.568765793525806, 21.568765793525806
8, 43.07128172082604, 58.414985949528926, 58.414985949528926
9, 57.793712878458635, 58.55363149559566, 58.55363149559566
10, 57.57394396738659, 58.44529231347143, 58.44529231347143
11, 28.23430092863173, 32.15187543495398, 32.15187543495398
12, 42.11322092223758, 52.98498221843113, 52.98498221843113
13, 22.36706689536878, 23.323061285325437, 23.323061285325437
14, 66.66666666666666, 66.66666666666667, 66.66666666666667
t
1, 36.05410447761194, 48.51420686228288, 48.51420686228288
2, 30.28493894165536, 45.836751674657734, 45.836751674657734
3, 68.71995820271682, 70.85876830704416, 70.85876830704416
4, 67.7742946708464, 69.41779366306933, 69.41779366306933
5, 20.4978354978355, 22.605095041888063, 22.605095041888063
6, 19.177489177489175, NaN, NaN
7, 61.77067478437341, 63.66515742610668, 63.66515742610668
8, 33.05505142165759, 36.18765260564763, 36.18765260564763
9, 55.34870797443735, 56.347420205798244, 56.347420205798244
10, 55.200518662591456, 55.926502217694214, 55.926502217694214
11, 35.141476880607314, NaN, NaN
12, 13.613053613053614, 23.46054657299262, 23.46054657299262
13, 67.60152492836266, 69.14355765683152, 69.14355765683152
14, 100, NaN, NaN










FEATURES

accuracy
1, 66.66666666666666, 78.71794871794872, 82.05128205128204
2, 59.205128205128204, 73.10897435897436, 78.84615384615384
3, 68.58974358974359, 78.20512820512822, 80.76923076923077
4, 75.07692307692308, 80.47435897435899, 81.84615384615385
5, 69.87179487179486, 76.08974358974359, 79.48717948717949

precision
t
0.8, 55.55555555555556, 64.42193573157377, 69.33990442054959
1.8, 55.1303867730867, 60.25697466740395, 67.36111111111111
2.8, 56.288829151732365, 63.67727963167953, 66.82027649769586
3.8, 58.06233505638073, 62.71870838846498, 66.88804554079697
4.8, 55.01587301587302, 61.615387071598626, 66.11111111111111

recall
t
1.2, 64.1025641025641, 76.28205128205127, 84.6153846153846
2.2, 61.15384615384615, 81.23076923076924, 88.46153846153845
3.2, 73.07692307692307, 75.64102564102564, 80.76923076923077
4.2, 69.23076923076923, 81.03846153846155, 84.61538461538461
5.2, 67.94871794871796, 76.47435897435898, 80.76923076923077

fmeasure
t
1, 59.523809523809526, 69.70219021779012, 69.70219021779012
2, 41.64158417234805, 68.35401420842456, 68.35401420842456
3, 64.9858416479924, 68.98866643468651, 68.98866643468651
4, 63.083466241360966, 69.86930953380289, 69.86930953380289
5, 59.4847775175644, 68.15470268559801, 68.15470268559801

SVM vs NB

1, 75.07692307692308, 80.47435897435899, 81.84615384615385
0.8, 58.06233505638073, 62.71870838846498, 66.88804554079697
1.2, 69.23076923076923, 81.03846153846155, 84.61538461538461

2, 75.64102564102564, 77.21153846153845, 79.48717948717949
1.8, 60.185931899641574, 62.7042254383261, 65.9250338066261
2.2, 71.7948717948718, 76.08974358974359, 80.76923076923077

